
Pheno file is not separate from sequence file, assuming seq_file is either a .csv or a .xlsx file.
Reading .csv file.
0      KEDELEA
1      NEDELEA
2      TEDELEA
3      SEDELEA
4      IEDELEA
        ...   
424    DEDESEV
425    DEDELDV
426    DEDELGV
427    DEDELKV
428    DEDELVV
Name: 0, Length: 429, dtype: object

Phenotype Values (Fest):
[-1.17351649e-01  3.52500137e-01 -2.81801317e+00  1.21805256e-01
 -2.40434015e+00  1.33307939e-01  1.74793384e-02  5.50202523e-01
  4.81785233e-01 -2.66921717e+00  2.24923229e-01  1.47978104e-01
 -9.65864149e-02  2.25737735e-01  9.23658597e-02 -7.98616363e-01
  3.99092769e-01 -6.48132273e-02  1.19955271e-01  2.99554142e-01
 -1.00768141e+00  6.04092426e-01 -6.17956483e-02  5.18269401e-01
 -4.69500175e-01  2.23049199e-01  4.82350297e-01  1.05423171e+00
  1.97316048e-01  4.42392321e-01  4.31054878e-01  9.64504392e-01
  5.49729888e-01 -8.28497120e-02  3.13887118e-01 -3.04458353e+00
  7.42644052e-01  5.32519311e-01  1.69414449e+00  3.99576611e-01
 -1.62528095e+00  1.72353223e+00  5.05979770e-01  5.91260599e-01
 -2.32494997e+00 -2.87764235e+00 -1.97003896e+00  4.61437363e-01
 -1.92408557e-01  9.82336793e-01  2.89130285e-01  1.13987835e+00
  2.37794117e+00 -1.16470090e-03 -1.43313582e+00 -1.21781145e+00
  3.53420724e-01  2.27513668e-01  6.20171647e-01  2.48847008e-01
 -2.06062206e-01  1.69291749e-01  2.93543532e-01 -5.83773656e-01
  9.80538590e-02 -9.29543117e-01 -8.66126131e-01  1.93964150e-01
  3.68912549e-01 -8.89123938e-01  2.41401521e-01 -3.61268717e-01
 -2.43997310e+00  5.14630002e-02  3.70180591e-01 -1.70500266e+00
 -3.23957331e-01  6.65149628e-02  3.27002734e-01  2.40802153e-02
  8.72683591e-01 -4.20352414e-01 -4.04272506e-01 -1.00991157e+00
  3.80253841e-01  7.88120129e-01  6.19823736e-01 -7.16487700e-01
  6.81826320e-01  6.17679768e-01  4.95394152e-01 -2.97778644e+00
 -1.54535051e+00 -1.99256826e+00 -1.64815169e+00 -3.89302304e+00
 -2.24536025e+00 -1.28874970e+00 -4.65631134e+00 -7.77452673e-02
  2.11413603e-01 -7.11302127e-01 -2.16875747e+00 -3.50792695e+00
 -2.00755772e-01 -7.71331558e-01  2.60220813e-01  1.80908833e-01
  1.09644243e+00 -8.19704435e-01 -2.77099906e+00  1.07424476e+00
 -7.81722597e-01 -3.14929314e+00 -5.44410834e-01  1.05266563e+00
  1.83774725e-01 -1.03098644e+00  8.08358894e-01 -2.14119104e+00
 -5.61817931e-01 -4.30312894e-01 -9.73903108e-01 -1.91029605e+00
 -3.68443304e+00 -6.54192720e-01 -3.61164067e-01 -4.96673010e-01
 -2.06879102e+00  4.27037997e-01  5.15487535e-01 -3.04193846e-01
 -3.59115570e+00 -4.56905738e-01 -9.99510052e-01 -8.61590976e-01
  3.72511570e-01 -3.96168969e-01  6.87729384e-01  1.36327482e-02
  6.29315325e-01 -1.50904252e+00  5.46769155e-01  1.58602376e+00
 -5.04941767e-01  4.47420878e-01  5.27708540e-01 -9.54792991e-01
 -1.87767677e-02  4.32869387e-01  1.18135644e-01 -1.21931197e+00
 -7.90074830e-02  2.14115956e-01  9.28212866e-01  9.49357798e-01
 -1.19011529e+00 -9.91815402e-01  3.89544601e-02  6.66004720e-01
  1.16427163e+00 -1.27042621e+00 -3.20702298e-01  5.05326270e-01
  7.64630994e-01 -8.52889677e-01  1.60123645e-01  7.92570036e-03
  1.90697638e-01 -3.01687051e-01 -2.12621617e+00 -3.12897818e-01
 -1.10464365e+00 -1.38029066e+00 -1.36330754e+00 -2.15711031e+00
  1.39893539e-01  7.59089522e-01 -1.49684303e+00  3.55187494e-01
 -2.57229991e+00 -1.31435107e+00  5.89766978e-01  6.29704560e-01
 -2.62288839e-01 -7.02518351e-01 -4.49116874e-01  2.89810034e-01
  2.89239306e-01 -1.95565330e+00 -9.94221775e-01  6.66533777e-01
  8.70815255e-01  1.26950259e+00 -5.13724246e-01  1.04355602e+00
  7.52227145e-01  9.99947344e-01  5.04524996e-01 -5.04962357e-01
  8.89643736e-03  7.61948435e-01 -1.44090843e-01  6.73079377e-01
  8.49088144e-01  8.46539505e-01  1.24543165e+00  3.62823469e-01
  3.29354895e-01  3.07195434e-01  1.24247484e-01  6.19143369e-01
  5.72741537e-01 -1.05187033e+00 -3.93556802e-01 -1.52871066e+00
 -1.71979450e-01  1.33849851e-01  9.29476653e-01 -6.53591882e-01
 -5.01093310e-02  1.24460510e-01 -9.66166887e-02  1.71255015e+00
 -7.75188123e-02  9.68746696e-01  3.02681301e-01  9.55056156e-01
  8.41633697e-02  6.56259528e-01 -5.05321794e-01  3.77125374e-02
  4.23264678e-01  3.52300014e-01 -8.20144060e-01  1.14616481e-01
 -1.44000989e+00  6.04629148e-01 -2.00959917e-01  8.31428848e-01
 -3.10160126e-01  8.00632745e-02  1.12134611e-01  4.41572696e-01
 -8.99089978e-01  9.12184502e-02 -9.01701188e-01  3.34927953e-01
  4.74933754e-01 -4.30190801e-01  3.21996602e-01 -6.03761867e-01
 -1.15775735e-01  1.17816158e+00 -1.14105353e+00  7.49127515e-01
 -3.34788902e+00 -2.95338448e+00  8.63578526e-01 -3.06457097e+00
 -1.16769732e+00 -3.36952153e-01  5.28560632e-01  7.52781794e-01
 -7.24326221e-01  1.68547822e-01 -9.29362431e-02  7.07567505e-01
  6.33129609e-01 -5.02910460e-01  2.32041614e-01 -2.68539165e-01
  5.89431777e-01  2.05409151e-01 -6.67948135e-01 -2.30662043e-01
  1.99803331e-01  1.17689538e+00  2.93980936e-01  7.78898945e-01
  1.30916935e+00  3.64858493e-01  1.02568081e-01  2.40221328e+00
  2.52145904e+00  2.71551667e+00  2.19145427e+00  2.75300620e+00
  1.99095965e+00  2.38462338e+00  1.83580857e+00  1.73360025e+00
 -1.90479320e-01  1.99938874e+00  2.45592679e+00  2.36846609e+00
  2.09502708e+00  2.12906028e+00  2.68771862e+00  2.28517195e+00
  2.43041420e+00  2.11392234e+00  1.21753100e+00  1.36805834e-03
  1.26475183e+00  5.22707376e-01 -1.54745618e+00 -1.82080415e+00
  1.36342297e-01  7.22287206e-01 -4.63064059e-01  7.97053264e-01
 -1.14317828e+00  9.86743304e-01 -3.87795359e-01  2.69316384e-01
 -1.09107816e-01 -2.71565424e+00 -3.60098878e-01 -4.87689696e-01
 -7.02571742e-01 -1.01706407e-01 -2.89263734e+00 -1.28593051e+00
 -8.48496910e-01 -4.51421142e-01 -1.24374904e+00  5.06480077e-01
  5.43255344e-01 -1.39123391e+00 -3.72822938e-01 -5.34511667e-01
  8.77067047e-01 -5.42308467e-01 -2.90267009e+00 -2.41662191e+00
 -2.31441059e+00 -3.63824488e+00 -3.46155635e+00 -4.66420488e+00
 -3.09891643e+00 -2.24137040e+00 -2.93247550e+00 -2.08186378e+00
 -3.34114997e+00 -3.00232701e+00 -2.59927223e+00 -9.16758147e-01
 -3.84244032e+00 -3.67783583e+00 -2.29561951e+00 -4.61022372e+00
 -5.15554624e+00 -4.92124998e+00 -2.57152956e+00 -2.48157063e+00
 -3.26160155e+00 -4.76264495e+00 -3.95366595e+00 -5.57241851e-01
 -4.58252292e-01  3.33234425e-01 -3.53977775e-02 -1.82952773e+00
 -1.15030557e+00  2.43987395e-01  7.02053210e-01 -9.02217136e-01
  4.65859666e-01 -6.76063996e-01 -7.02165707e-01 -4.68221096e-01
  1.74314359e-01  8.50804727e-01  5.42481931e-01 -1.91793234e-01
  4.78411953e-01 -7.43616879e-01 -3.36138262e-01 -5.30353100e-03
  1.87464584e+00 -1.49243356e+00  2.71292298e-01  1.08536263e+00
  7.47521635e-01 -1.21707348e+00 -4.26094365e-01  1.79497015e+00
  1.10276717e+00 -6.22835370e-01  2.85860618e-01  1.19658987e+00
 -8.76121967e-01  9.77888023e-01  6.44421466e-01  1.05984653e+00
 -1.98296759e-01  4.19981166e-01  9.57496538e-01  8.57007861e-01
 -5.46622812e-01  7.80107125e-01  1.82464346e+00 -8.53118942e-01
  8.75027003e-01  7.72848724e-01  8.60885439e-01 -1.46705818e+00
  4.42659831e-01 -7.15522796e-01  9.06012339e-01  6.41120840e-01
 -9.54558705e-01 -4.26427852e-01  6.02726493e-01  1.23946604e-01
 -9.48918986e-02  1.15067132e-01  8.34837936e-01  1.66408672e+00
  8.37316388e-01  1.52924938e-01  1.41420713e+00  8.67494807e-01
  9.66267999e-01  1.02659643e+00  2.91682360e+00  5.96885311e-02
  9.77824127e-02]
Will be computing 429 sequences with 7 sites, and each vector will be 20-dimensional.

rf1d form of alphabet input:
A,C,D,E,F,G,H,I,K,L,M,N,P,Q,R,S,T,V,W,Y
computed mean
computed variance
computed covariance
saved covariance histogram as /hpc/projects/data_lg/olivia.yoo/ortho_seqs/amyloid_beta/server_ortho_seq_results/gk_all_first/cov_hist_amyloid_gk_nostop.png
Saved covariance data frame as /hpc/projects/data_lg/olivia.yoo/ortho_seqs/amyloid_beta/server_ortho_seq_results/gk_all_first/cov_data_frame_amyloid_gk_nostop.csv
computed reg11
computed Pa: first order orthogonalized within each vector
computed P1i1
computed varP1i1
computed cov11i1
computed reg11i1
computed Pa1i1
computed P1D
computed varP1D
Saving to /hpc/projects/data_lg/olivia.yoo/ortho_seqs/amyloid_beta/server_ortho_seq_results/gk_all_first/amyloid_gk_nostop.npz
Saving to /hpc/projects/data_lg/olivia.yoo/ortho_seqs/amyloid_beta/server_ortho_seq_results/gk_all_first/amyloid_gk_nostop_covs_with_F.npz
Regression of trait on site 1
[[ 0.2875351313  0.2955960966  0.4156969702  0.0522361291  0.5566924842
   0.6722177411 -0.2231357373 -2.1810320393  0.1112998903  0.
   0.            0.2866536073  0.            0.            0.
   0.3510155729 -2.5956715837 -1.9371981304  0.           -0.3683940492]
 [-0.0045919063  0.           -0.011012626   0.0755696109  0.
   0.7008383241  0.            0.            0.584505305  -2.2167482454
   0.4543744754  0.7118366246  0.            0.3772495723  0.
   0.           -2.4465279303 -1.170748401  -0.1331870778  0.4708912683]
 [-0.746095525  -0.7027892215  0.1550623137 -0.2007686423 -0.6392240655
   0.4484387952 -1.1520790839 -0.5715565636  0.            0.
   0.            0.4301238843  0.            0.            0.
   0.3215073928  0.           -0.8335706716  0.            0.0588925259]
 [-1.3989084561  0.            0.3936431552 -0.1520232486  0.
   0.6938279365  0.            0.1669856944 -0.18697579   -0.2416714126
   0.            0.5291797601  0.            0.7484060356  0.8344295819
   0.           -0.7811100765 -0.2715997412  0.            0.0223820657]
 [ 0.           -2.822771322   0.            0.            0.8641179349
   0.            0.            1.2856205944  0.452496067  -0.3743495685
   0.273030776   0.            0.6609877402  0.6723516727  0.
   0.1296426641  0.7124030092  0.5896723007 -0.9292634869  0.7799400291]
 [ 0.2154872197  0.            0.4299175536 -0.6697467009  0.
   2.2755685426  0.           -1.400152613  -0.1436711982 -0.9917310822
   0.            1.9270284923  0.            1.5909468667  0.6294359259
   0.            0.           -0.6338700108  0.           -1.207558539 ]
 [ 0.569089235   0.            0.           -2.8253174961  0.
  -3.2404585503  0.            0.            0.            1.2135576979
   0.8215677741  0.           -2.6963746056  0.            0.
   0.0797066401  0.6902494633  0.7746194733  0.            0.          ]]
Regression on 1st order polynomial - orthogonalized within - rFon1D
[[ 0.324626195   0.330820333   0.3304882883  0.1751506243  0.5923509931
   0.676598093  -0.189245189  -2.1499270923  0.1462175932  0.
   0.            0.4224312011  0.            0.            0.
   0.3863319865 -2.5652562922 -1.7780128315  0.           -0.5734035997]
 [ 0.0306671401  0.           -0.1605870128  0.1919657814  0.
   0.5753475866  0.            0.            0.4218619211 -2.1857027039
   0.4898628023  0.7477531794  0.            0.4126096201  0.
   0.           -2.4158645734 -1.1826917693 -0.0986760216  0.506407067 ]
 [-1.203902176  -0.6692255647  0.3369007641 -0.3553218623 -0.605554683
   0.2491689588 -1.1210547192 -0.537774632   0.            0.
   0.            0.2894431808  0.            0.            0.
   0.3567747265  0.           -0.8428432332  0.           -0.0092373172]
 [-0.5574349303  0.            0.4029777389 -0.2731244686  0.
   0.7005056216  0.            0.2019960176 -0.258189165  -0.2073407946
   0.            0.5647925081  0.            0.784383415   0.8705500413
   0.           -0.747676688  -0.0573949346  0.            0.0571518747]
 [ 0.           -2.9234330975  0.            0.            0.8190272038
   0.            0.            1.192482346   0.3578321523 -0.3582370732
   0.3349717475  0.            0.5667056277  0.5780903705  0.
   0.09614658    0.6182150513  0.5230552546 -1.1045145739  0.685875749 ]
 [ 0.            0.            0.            0.            0.
   0.            0.            0.            0.            0.
   0.            0.            0.            0.            0.
   0.            0.            0.            0.            0.          ]
 [ 0.            0.            0.            0.            0.
   0.            0.            0.            0.            0.
   0.            0.            0.            0.            0.
   0.            0.            0.            0.            0.          ]]
Regression of trait on site 2 independent of 1
[0. 0. 0. 0. 0. 0. 0. 0. 0. 0. 0. 0. 0. 0. 0. 0. 0. 0. 0. 0.]
computed rFon1
computed rFon1D
Saving regression results to to /hpc/projects/data_lg/olivia.yoo/ortho_seqs/amyloid_beta/server_ortho_seq_results/gk_all_first/amyloid_gk_nostop_regressions.npz
Trait values estimated from regressions
[0, 0, 0, 0, 0, 0, 0, 0, 0, 0, 0, 0, 0, 0, 0, 0, 0, 0, 0, 0, 0, 0, 0, 0, 0, 0, 0, 0, 0, 0, 0, 0, 0, 0, 0, 0, 0, 0, 0, 0, 0, 0, 0, 0, 0, 0, 0, 0, 0, 0, 0, 0, 0, 0, 0, 0, 0, 0, 0, 0, 0, 0, 0, 0, 0, 0, 0, 0, 0, 0, 0, 0, 0, 0, 0, 0, 0, 0, 0, 0, 0, 0, 0, 0, 0, 0, 0, 0, 0, 0, 0, 0, 0, 0, 0, 0, 0, 0, 0, 0, 0, 0, 0, 0, 0, 0, 0, 0, 0, 0, 0, 0, 0, 0, 0, 0, 0, 0, 0, 0, 0, 0, 0, 0, 0, 0, 0, 0, 0, 0, 0, 0, 0, 0, 0, 0, 0, 0, 0, 0, 0, 0, 0, 0, 0, 0, 0, 0, 0, 0, 0, 0, 0, 0, 0, 0, 0, 0, 0, 0, 0, 0, 0, 0, 0, 0, 0, 0, 0, 0, 0, 0, 0, 0, 0, 0, 0, 0, 0, 0, 0, 0, 0, 0, 0, 0, 0, 0, 0, 0, 0, 0, 0, 0, 0, 0, 0, 0, 0, 0, 0, 0, 0, 0, 0, 0, 0, 0, 0, 0, 0, 0, 0, 0, 0, 0, 0, 0, 0, 0, 0, 0, 0, 0, 0, 0, 0, 0, 0, 0, 0, 0, 0, 0, 0, 0, 0, 0, 0, 0, 0, 0, 0, 0, 0, 0, 0, 0, 0, 0, 0, 0, 0, 0, 0, 0, 0, 0, 0, 0, 0, 0, 0, 0, 0, 0, 0, 0, 0, 0, 0, 0, 0, 0, 0, 0, 0, 0, 0, 0, 0, 0, 0, 0, 0, 0, 0, 0, 0, 0, 0, 0, 0, 0, 0, 0, 0, 0, 0, 0, 0, 0, 0, 0, 0, 0, 0, 0, 0, 0, 0, 0, 0, 0, 0, 0, 0, 0, 0, 0, 0, 0, 0, 0, 0, 0, 0, 0, 0, 0, 0, 0, 0, 0, 0, 0, 0, 0, 0, 0, 0, 0, 0, 0, 0, 0, 0, 0, 0, 0, 0, 0, 0, 0, 0, 0, 0, 0, 0, 0, 0, 0, 0, 0, 0, 0, 0, 0, 0, 0, 0, 0, 0, 0, 0, 0, 0, 0, 0, 0, 0, 0, 0, 0, 0, 0, 0, 0, 0, 0, 0, 0, 0, 0, 0, 0, 0, 0, 0, 0, 0, 0, 0, 0, 0, 0, 0, 0, 0, 0, 0, 0, 0, 0, 0, 0, 0, 0, 0, 0, 0, 0, 0, 0, 0, 0, 0, 0, 0]
rf1d Object:

Number of sites: 7
Number of dimensions: 20
Alphabet input: ['A', 'C', 'D', 'E', 'F', 'G', 'H', 'I', 'K', 'L', 'M', 'N', 'P', 'Q', 'R', 'S', 'T', 'V', 'W', 'Y']
Molecule: protein

Phenotype represents nscore values
Image output directory: /hpc/projects/data_lg/olivia.yoo/ortho_seqs/amyloid_beta/server_ortho_seq_results/gk_all_first
Highest rFon1D magnitudes:
-2.9234	Site: 4		Key: C
-2.5653	Site: 0		Key: T
-2.4159	Site: 1		Key: T
-2.1857	Site: 1		Key: L
-2.1499	Site: 0		Key: I
-1.778	Site: 0		Key: V
-1.2039	Site: 2		Key: A
1.1925	Site: 4		Key: I
-1.1827	Site: 1		Key: V
-1.1211	Site: 2		Key: H
saved regression graph as /hpc/projects/data_lg/olivia.yoo/ortho_seqs/amyloid_beta/server_ortho_seq_results/gk_all_first/rFon1D_Regressions_of_nscore_values.png
--- 2676.595386505127 seconds ---
